0.000000000
2.456802154
3.688849037
3.688892472
4.663115949
4.663664310
4.664123592
4.674907746
4.674908303
4.674908448
4.675852675
4.678176381
4.678404388
4.679002260
4.680154704
4.685625588
4.687749024
4.690589192
4.692898593
4.692954926
4.693036710
4.693693482
4.696452951
4.696539802
4.697137350
4.705818839
4.708286659
4.711154900
4.711155408
4.711227059
4.713108574
4.713108812
4.713108915
4.713128879
4.713181487
4.714047973
4.714439697
4.716371714
4.716700713
4.716701100
4.717855896
4.718086912
4.718847393
4.718847868
4.718875364
4.718920221
4.719592190
4.726063182
4.726063727
4.728028031
4.728582251
4.731984595
4.732019380
4.732516286
4.733025455
4.735704432
4.736123536
4.739094498
4.739094742
4.739412979
4.742151259
4.742429197
4.742866342
4.743400953
4.743401244
4.743439444
4.747042526
4.747042772
4.747388526
4.750419472
4.756243194
4.756243507
4.756243572
4.756243643
4.756243710
4.756243779
4.756276231
4.756301379
4.756308640
4.756317799
4.756535830
4.757757364
4.758732035
4.765036945
4.765101056
4.770357636
4.772037775
4.773429424
5.226291218
5.226291745
5.226291854
5.226292215
5.226358276
5.226411567
5.226430293
5.226445179
5.226626983
5.226627179
5.226627304
5.226627436
5.226627547
5.226642859
5.226665702
5.226679657
5.226719367
5.226736638
5.241711407
5.241750918
5.249009984
5.260924048
5.262012837
5.273703127
5.273768253
5.274285035
5.287376932
5.290166514
5.290183186
5.292166309
5.292166472
5.292186675
5.292213336
5.296214342
5.296441250
5.296608274
5.296744093
5.306538107
5.306538394
5.306538439
5.306538489
5.306538534
5.306538589
5.306561919
5.306588134
5.306703652
5.318954419
5.329196358
5.330531479
5.331585766
5.338361567
5.338361796
5.338737469
5.339150047
5.355932649
5.356467185
5.361928308
5.363698091
5.364451950
5.364567725
5.364792620
5.368858255
5.368858317
5.368858346
5.368885445
5.368951110
5.369120528
5.375055931
5.375056089
5.375056118
5.375056147
5.375268994
5.375409359
5.386328276
5.394939567
5.396158189
5.396158458
5.400680173
5.402485006
5.404062295
5.404062535
5.404088710
5.404116340
5.404523543
5.405890206
5.405902070
5.411361905
5.411362091
5.411616679
5.411724785
5.438869053
5.438869229
5.438881444
5.438898268
5.442133208
5.442133367
5.442133397
5.442149766
5.442173780
5.442449514
5.442574043
5.468294341
5.476040062
5.478830855
5.478852781
5.480619802
5.480619966
5.480634496
5.484097930
5.484433591
5.485005828
5.490126061
5.490500331
5.502849239
5.502865160
5.516066986
5.516067148
5.516067183
5.516067216
5.516067254
5.516067287
5.516094003
5.516105672
5.516108845
5.516111314
5.516113682
5.517423649
5.528600930
5.581449016
5.584473998
5.585339486
5.590000132
5.607672596
5.608317336
5.608493363
5.608573185
5.620421929
5.620422114
5.620422147
5.620422180
5.620422213
5.620648452
5.620755415
5.637719047
5.638841100
5.638941290
5.638957251
5.638957331
5.638957390
5.639037211
5.639104192
5.639148188
5.639196586
5.641133751
5.647425267
5.647710305
5.649146218
5.649146370
5.649735908
5.649895318
5.651132857
5.651132905
5.651132947
5.651744535
5.651798287
5.656037661
5.656037803
5.656037834
5.656059544
5.656080487
5.662763644
5.662791849
5.663012373
5.678195337
5.683027633
5.683027786
5.683027822
5.683055630
5.683071686
5.683076803
5.683280233
5.683436145
5.683550761
5.693292657
5.693317594
5.695927767
5.696058233
5.696424491
5.699216355
5.699306065
5.699559036
5.700075435
5.707514987
5.707515166
5.707515197
5.707535919
5.707554608
5.707692774
5.717897081
5.720707420
5.720742790
5.722594593
5.722594990
5.722629340
5.727263107
5.727304742
5.729029977
5.729030331
5.729030435
5.729051910
5.731117418
5.731241646
5.731268596
5.731931779
5.732316385
5.733571831
5.733600750
5.735330566
5.735331134
5.735331239
5.735331346
5.735357673
5.735404547
5.735417810
5.735427739
5.745106184
5.749631070
5.749672850
5.750447905
5.752354145
5.753597054
5.753624097
5.753632396
5.753639322
5.753757453
5.754198932
5.763290553
5.763291074
5.763291175
5.763291282
5.763333579
5.763374295
5.763408162
5.763745782
5.764535209
5.764828549
5.767121489
5.767145501
5.768470652
5.768498009
5.773672074
5.777339964
5.777392788
5.781374433
5.783071268
5.783984698
5.783984961
5.784011915
5.784050670
5.784308753
5.785391269
5.785391583
5.789123039
5.789123372
5.789123478
5.789123581
5.789148169
5.789197715
5.789215651
5.789231719
5.801655456
5.808701752
5.808702767
5.808821200
5.808925002
5.811657396
5.811658707
5.811727243
5.811774364
5.813924253
5.813971074
5.814582043
5.848901645
5.852786428
5.852832186
5.860457552
5.860618122
5.861165983
5.861185260
5.890604184
5.890604569
5.890604672
5.890641104
5.890688002
5.895147557
5.895198923
6.497466189
6.509159028
6.509460657
6.522777655
6.522804574
6.523019098
6.536644428
6.546935042
6.546955204
6.549410625
6.549542457
6.549644473
6.549648543
6.559684973
6.562765473
6.562765652
6.562790757
6.562805398
6.562940875
6.583230870
6.766466360
6.766466522
6.766466548
6.766466575
6.766478850
6.766495838
6.766499289
6.766502110
6.767460078
6.777132317
6.777146767
6.780986214
6.823787094
6.823832229
6.823834679
6.823836086
6.823837266
6.823838483
6.823842951
6.823844318
6.823845504
6.823846675
6.836909916
6.836910243
6.836910267
6.836910291
6.836910315
6.836910338
6.836910363
6.836910385
6.836930014
6.836940577
6.836952520
6.836953934
6.836955140
6.836956355
6.836957531
6.836958777
6.836971900
6.836973249
6.836974475
6.836975666
6.836976837
6.836978069
6.836985262
6.836985287
6.838526349
6.838530959
6.838532430
6.838533714
6.838534903
6.838536101
6.851979699
6.851979907
6.851979934
6.851979959
6.851979984
6.851980010
6.851980035
6.851980060
6.851998331
6.852007825
6.852017761
6.852019132
6.852020613
6.852035174
6.852036609
6.852037845
6.852039329
6.852040540
6.852041806
6.852043142
6.852044370
6.852045594
6.852055265
6.852055289
6.852055313
6.852055338
6.852055361
6.852055385
6.852055412
6.852055438
6.852068601
6.852068625
6.852068655
6.852068684
6.853623437
6.853628064
6.853629538
6.853630880
6.853632288
6.853633557
6.853634825
6.853636105
6.853637386
6.853638681
6.853643902
6.853645382
6.853646756
6.853648068
6.853649348
6.867145291
6.867145499
6.867145525
6.867145550
6.867145578
6.867145606
6.867145631
6.867145655
6.867171814
6.867222041
6.867222078
6.867222104
6.867222139
6.867222164
6.867222189
6.867222213
6.867222238
6.867233331
6.867235505
6.867236875
6.867238203
6.867239524
6.867240868
6.867242303
6.867243635
6.867244902
6.867246270
6.867258803
6.867258845
6.867258871
6.867258896
6.867258921
6.867258949
6.867258976
6.867259002
6.867271463
6.867273477
6.867274906
6.867276281
6.867277684
6.867279033
6.867280475
6.867281851
6.867283232
6.867284551
6.867295327
6.867295358
6.867295388
6.867295414
6.867295443
6.869142415
6.869147121
6.869148600
6.869149897
6.869151208
6.869152526
6.869153874
6.869155204
6.869156625
6.869158006
6.881879665
6.881879844
6.881879870
6.881879897
6.881879923
6.881879948
6.881879972
6.881879998
6.881896909
6.881921325
6.881921351
6.881921377
6.881921400
6.881921425
6.881921450
6.881921476
6.881921501
6.881935458
6.881937522
6.881938839
6.881940379
6.881941650
6.881942905
6.881944147
6.881945406
6.881946671
6.881947953
6.881949218
6.881958950
6.881958977
6.881959002
6.881959025
6.881959050
6.881959075
6.881959099
6.881959125
6.881971201
6.881972799
6.881974059
6.881975300
6.881976593
6.881977874
6.881979138
6.881980377
6.881981671
6.881982919
6.881984179
6.881993967
6.881994003
6.881994029
6.881994057
6.881994085
6.881994112
6.881994138
6.883962797
6.883967620
6.883974390
6.883975875
6.883977478
6.883978795
6.883980100
6.883981472
6.883982745
6.895905918
6.895906091
6.895906126
6.895906156
6.895906192
6.895906224
6.895906251
6.895906283
6.895929020
6.895955076
6.895955110
6.895955138
6.895955165
6.895965710
6.895967892
6.895969243
6.895970503
6.895971768
6.895973023
6.895974393
6.895975716
6.895976950
6.895978325
6.895979696
6.897652550
6.897652687
6.897652714
6.897652740
6.897652766
6.897652791
6.897652815
6.897652843
6.897666743
6.897673074
6.897674550
6.897690304
6.897690328
6.897690353
6.897690378
6.897690403
6.897690427
6.897690451
6.897690477
6.897701747
6.897703498
6.897704858
6.897706393
6.897707722
6.897709037
6.897710282
6.897711556
6.897712804
6.897714095
6.897715407
6.897725204
6.897725238
6.897725270
6.899208798
6.899216049
6.899217558
6.908851487
6.908851671
6.908851697
6.908851723
6.908851750
6.908851774
6.908851798
6.908851822
6.908876237
6.908876263
6.908876288
6.908876313
6.908876337
6.908876361
6.908876387
6.908876412
6.908892276
6.908892313
6.908892342
6.908892369
6.908892395
6.910324770
6.910324907
6.910324934
6.910324960
6.910324986
6.910325013
6.910325040
6.956371129
6.956371301
6.956371338
6.956468618
6.957276664
6.970327982
7.171344250
7.171344830
7.171379017
7.215259234
7.607278885
7.634605386
8.911765334
8.911765991
8.911766106
8.911828891
8.911884483
8.912214452
8.944877726
8.991256142
8.997195504
9.191962123
9.220441980
9.421282277
9.449681751
9.651143839
9.655266957
9.655298495
9.669378408
9.679598723
9.685796467
9.880569976
9.910517180
10.111746687
10.141165235
10.342241324
10.370288780
10.755313089
10.755313528
10.755365171
10.755648996
10.771042293
10.786286965
10.786287301
10.786327260
10.799632476
11.011606228
11.017300932
11.018791256
11.020216686
11.021507535
11.022832506
11.045918513
11.049168879
11.049169115
11.049169219
11.053258324
11.053258764
11.601170452
11.631461970
11.835008079
11.835164787
11.835203466
11.835213241
11.835223158
11.835228798
11.835257375
11.835263308
11.835268095
11.835272828
11.850182218
11.850182578
11.850182722
11.850182820
11.850182914
11.850183009
11.850183111
11.850183206
11.850240467
11.850269857
11.850311848
11.850317456
11.850322414
11.850327366
11.850332114
11.850336931
11.852163706
11.852193955
11.852200383
11.852205723
11.852210629
11.852215310
11.852282192
11.852282575
11.852329972
11.852338235
11.852343222
11.852347996
11.852352704
11.852357483
11.863927212
11.863927623
11.863927786
11.863927902
11.863928011
11.863928121
11.863928224
11.863928337
11.863993132
11.864027299
11.864093477
11.864100237
11.864105744
11.864111200
11.864116817
11.864122406
11.864127848
11.864133475
11.864138878
11.864144265
11.870070789
11.870071223
11.870071338
11.870071451
11.870071565
11.870071676
11.870071793
11.870071910
11.870145995
11.870179221
11.870185725
11.870191350
11.870196987
11.870202806
11.870269312
11.870276189
11.870281973
11.870287707
11.870293415
11.870299084
11.870304784
11.870339256
11.870339403
11.870339528
11.870339657
11.871601316
11.871634249
11.871641088
11.871647001
11.871652683
11.880087975
11.880088437
11.880088556
11.880088679
11.880088794
11.880088911
11.880089031
11.880145651
11.880248568
11.880257347
11.880263155
11.880268964
11.880274822
11.880280516
11.880286050
11.880291449
11.880297243
11.880302877
11.880308780
11.880314335
11.883503161
11.883567341
11.883600375
11.885264142
11.885326355
11.893204308
11.893204744
11.893204861
11.893204992
11.893205115
11.893205226
11.894563080
11.897673762
11.935785115
11.935785812
11.935785961
11.935828834
11.935899857
11.935914296
11.938770766
11.953313949
12.902059643
13.233241350
13.261867319
15.799279889
15.799329635
15.802467601
15.802468091
15.802468212
15.802509372
15.813658218
15.834906577
15.843225778
15.843281500
16.292935427
16.304958812
16.306801383
16.331066628
16.332661572
16.333055959
16.340118745
16.340631736
16.341593199
16.341684393
16.341743694
16.341796354
16.351972456
16.351973040
16.352434864
16.355811559
16.355811960
16.381728514
16.403424527
16.403425070
16.403425173
16.403425279
16.403884321
16.404046811
16.429931101
16.441971003
16.463223185
16.489577841
16.829092466
16.829224148
16.844123403
16.844124071
16.864875493
16.864876219
16.864876368
16.864940666
16.864991150
16.865006517
16.867841563
16.884294877
17.847313024
17.881569242
18.738578937
18.952356638
18.952374503
18.954292399
18.969130649
18.969130736
18.969130788
18.969130824
18.969162809
19.046774448
19.046774638
19.046800254
19.046828796
21.028523537
21.029040075
21.032725700
21.032860342
21.032925413
21.037135231
21.038201352
21.039060409
21.040778680
21.067310075
21.069102730
21.069537295
21.069767257
21.079406228
21.079478761
21.080055006
21.080778454
21.084761914
21.084762380
21.084762481
21.084762589
21.084762698
21.085252210
21.085538598
21.096675263
21.096675775
21.096675876
21.096675985
21.097214528
21.097427410
21.097545339
21.109500915
21.122753785
21.122754314
21.122811985
21.124519344
21.124553943
21.134250762
21.134676776
21.135202790
21.173054495
21.173054932
21.173055052
21.173095653
21.173146713
21.173161959
21.173473660
21.175921326
21.175969882
21.176374871
21.176398021
21.213211440
21.213246127
21.215024173
21.215063240
21.219106243
21.219153789
21.220677075
21.220707666
21.223534297
21.223559058
21.225499636
21.225518319
21.228036739
21.228076808
21.229997166
21.230034342
21.231487525
21.231508397
21.233320799
21.233345488
21.254382067
21.254409812
21.256176371
21.256187339
21.258048041
21.258057410
21.259553869
21.259561025
21.261134943
21.261158995
21.262688196
21.262708159
21.265642969
21.265659388
21.265702165
21.265706719
21.267981516
21.268001780
21.269890376
21.269902719
21.271420938
21.271427389
21.273022870
21.273022949
21.273029118
21.273041722
21.282528599
21.282856602
21.319068703
21.320035738
21.321965468
21.321965589
21.321965623
21.321982822
21.322088728
21.322088809
21.322094016
21.322102030
21.322285502
21.323204034
21.323204116
21.323210861
21.324270513
21.328701266
21.328701425
21.329830321
21.330280250
21.330320085
21.330619495
21.342383163
21.342496903
21.351378069
21.351378205
21.363061236
21.368758030
21.368758194
21.368789614
21.369003209
21.373035861
21.373035925
21.373046361
21.373054547
21.373073288
21.373076646
21.380154798
21.380199491
21.380618855
21.410656482
21.412599997
21.412618343
21.412806211
21.412806350
21.412814711
21.412826222
21.416921901
21.417581575
21.419730757
21.419731017
21.419751276
21.419796327
21.419796370
21.419809894
21.428512863
21.428692592
21.428948572
21.437642248
21.439455540
21.454697489
21.454697674
21.454716267
21.454735912
21.467781473
21.467781608
21.467806103
21.468469322
21.468469424
21.468493767
21.471300764
21.471524278
21.477873319
21.478186280
21.478595994
21.478721254
21.480024986
21.483405106
21.525870190
21.525870367
21.525870398
21.525870430
21.525870459
21.525939052
21.525993732
21.526465019
21.528218302
21.534702736
21.534736678
21.535386941
21.573790679
21.573790922
21.575809659
21.575963467
21.576007197
21.576007303
21.576007355
21.576692188
21.577772111
21.578441482
21.585984136
21.586028041
21.586457038
21.624324470
21.626233246
21.626233490
21.626299237
21.638188929
21.638586448
21.639268846
21.678891612
21.678891762
21.680564287
21.683338179
21.683338345
21.683382232
21.683451572
21.690134806
21.690391146
21.690578682
21.721284346
21.723456015
21.728787153
21.728859773
21.730846136
21.730960078
21.730960239
21.730960279
21.730995841
21.737385132
21.737426701
21.737849661
21.764210219
21.764267939
21.766112146
21.770620039
21.770673858
21.772513737
21.775629379
21.777700639
21.777754960
21.779251708
21.780571819
21.787991430
21.788067808
21.788473521
21.805731767
21.805731963
21.805815138
21.807906121
21.811803752
21.811900267
21.814057763
21.827180248
21.827180481
21.827180526
21.827257043
21.828685624
21.829624097
21.833373626
21.833729157
21.833840664
21.847740946
21.847835624
21.849836407
21.853073843
21.853074048
21.853133899
21.854878802
21.872336057
21.872336314
21.874156919
21.874413365
21.874413483
21.874447352
21.874579222
21.875804284
21.878936673
21.878979049
21.891265580
21.891352567
21.893054859
21.893787160
21.895857037
21.917758247
21.917758510
21.917758560
21.917969393
21.919705489
21.919745878
21.924405975
21.924582699
21.924721987
21.933552569
21.933647401
21.935280476
21.935430086
21.937216355
21.937915267
21.943190817
21.953744597
21.963307308
21.963307501
21.965388661
21.965388796
21.965441197
21.966842881
21.972388776
21.972510232
21.973131727
21.976933560
21.976933682
21.976984527
21.978393541
21.980182154
21.980854573
22.003830896
22.003882136
22.011370331
22.011370482
22.011431692
22.013015757
22.014841058
22.014841233
22.014841262
22.014904811
22.018753831
22.018893934
22.019480579
22.019480658
22.020766405
22.021146687
22.022451564
22.030797306
22.030797451
22.030797479
22.030895977
22.031757344
22.046763738
22.054074583
22.055686129
22.058037853
22.059406722
22.060527444
22.060527597
22.060527636
22.060556691
22.062143059
22.062143147
22.062143176
22.062204664
22.064484293
22.096591302
22.099585419
22.099643054
22.103686170
22.127482099
22.168522314
22.215187659
22.731765196
22.890846780
22.919371184
23.346463595
23.657401064
23.657437074
24.217946254
24.260357425
24.260383215
24.260996342
24.262546183
24.301880200
24.303823055
24.303865267
26.113514036
26.113544210
28.087571395
28.100774759
30.135572726
30.135643104
30.135658763
30.150601338
30.167582491
30.167583259
31.027074754
31.033010537
31.034715450
31.036338035
31.038079340
31.039748764
31.062196195
31.064249718
31.065869452
31.065869882
31.070138786
31.070139223
31.951714553
31.951791326
32.286740102
32.303354289
32.329244991
32.332158246
32.332158675
32.332158778
32.332704170
32.332916072
32.369676953
33.761090054
33.763109431
33.764108289
33.764810841
33.764830635
33.771768833
33.771768971
33.772540498
33.772973705
33.791543398
33.791560590
33.792672079
33.793391039
33.793722621
33.793745552
33.793759347
33.793773222
33.793785836
33.793797294
33.797119132
33.798755029
33.798939938
33.799472420
33.799592114
33.800339530
33.800381048
33.800393537
33.800405836
33.800417093
33.800428053
33.800441724
33.800703668
33.800871544
33.800916000
33.802679563
33.802788935
33.802987286
33.805143848
33.805172290
33.805359035
33.807092397
33.807092459
33.807092487
33.807092516
33.807268293
33.814441296
33.814441577
33.814441615
33.814658765
33.815658748
33.815658818
33.815658849
33.815847563
33.821072823
33.831499479
33.831499619
33.831499653
33.831521524
33.832147526
33.832370236
33.833076190
33.833965607
33.833965838
33.834139008
33.834345515
33.844222499
33.844240925
33.852575402
33.856863568
33.858527970
33.859399628
33.859448813
33.859522666
33.859576424
33.864624774
33.864700895
33.866825346
33.871790325
33.871790690
33.871790860
33.871790996
33.871791132
33.871791286
33.871791420
33.875990557
33.876771025
33.876792141
33.881319364
33.891436217
33.891488528
33.893333523
33.902176516
33.902320499
33.904340453
33.904384218
33.912826786
34.002949728
34.002949948
34.002949982
34.002950017
34.003139401
34.003223212
34.028739842
34.041037826
34.075487443
34.075487857
34.075946848
34.101822095
34.116031817
34.118043095
34.118043556
34.118659418
34.120356839
34.121238788
34.136815152
34.149516282
34.175714342
34.351131065
34.354690735
34.354691267
34.355337831
34.362900429
34.363135702
34.366625383
34.371801965
34.373991433
34.383155560
34.383652816
34.584706596
34.587927171
34.587927958
34.587928100
34.591852056
34.591939750
34.602214950
34.603981558
34.605576500
34.608313328
34.618039840
34.618040016
34.618040065
34.618221823
34.619401528
34.645123194
34.817875946
34.817876281
34.818401568
34.844330652
34.856837397
34.919702331
34.919702831
34.920291956
34.923969955
34.923970479
34.924259500
34.945483548
34.945818664
35.030822339
35.043273127
35.068980147
35.229683060
35.229683656
35.229683793
35.229683923
35.229684073
35.229684207
35.229684336
35.229684487
35.230253471
35.230497564
35.230845945
35.231013937
35.242474007
35.256751696
35.262393794
35.273306766
35.279131368
35.284807975
35.304013124
35.479155509
35.479315379
35.482553246
35.482553971
35.482554077
35.482554180
35.483046771
35.483306212
35.493500021
35.507344018
35.508870791
35.694398363
35.707860458
35.733151067
35.734408273
35.768790733
35.781581169
35.807337957
35.808173282
35.808173658
35.808608500
35.834752291
35.845138362
35.933881464
35.935218122
35.959297173
35.970256424
36.034644950
36.034961840
36.034971483
36.034973676
36.035096569
36.048700782
36.058284264
36.058284416
36.062474890
36.062475090
36.062502277
36.062517028
36.099268569
36.115411927
36.115483802
36.118545983
36.118640931
36.146180832
36.146181255
36.146181358
36.146181464
36.146226539
36.146274993
36.146291732
36.160053488
36.171492364
36.187960140
36.207206074
36.389250979
36.407556864
36.417237159
36.445024853
36.617896559
36.646387969
36.648018125
36.683647329
36.884322612
36.922852685
37.049301506
37.078163341
37.323974968
37.362773037
37.458009535
37.458512913
37.460559290
37.462833416
37.467079492
37.468419207
37.473754768
37.481537509
37.482511765
37.484692716
37.485680220
37.489790379
37.491576982
37.492442172
37.492557349
37.495106043
37.495106184
37.495279105
37.496507964
37.496508032
37.499672349
37.499784161
37.502119611
37.502119751
37.514313334
37.520616842
37.520820652
37.522293962
37.522597838
37.525020579
37.527740947
37.533987140
37.540430481
37.559594834
37.605052046
37.605052224
37.605299340
37.607384534
37.607384766
37.607508438
37.633233117
37.638906705
37.638906922
37.638906959
37.639159232
37.639230602
37.646525735
37.646567844
37.647189138
37.647222845
37.658290456
37.658290616
37.658290657
37.658290697
37.658486200
37.660263084
37.660263263
37.660263299
37.660263339
37.660263375
37.660263412
37.660399533
37.660479909
37.660526878
37.662113291
37.662113458
37.662113519
37.662113557
37.662113600
37.662263569
37.662330843
37.662379786
37.668195999
37.668249716
37.668269491
37.668286233
37.670192822
37.670232209
37.670243487
37.670252273
37.672646926
37.672693763
37.672709787
37.672722402
37.672734118
37.675498870
37.675535143
37.675545280
37.675554621
37.675563263
37.675571613
37.676526463
37.680687022
37.680799251
37.680799442
37.680799480
37.680799519
37.683652141
37.683652333
37.683796409
37.685277319
37.686764709
37.686765080
37.686765134
37.686926835
37.692145202
37.692145413
37.692145466
37.692145506
37.692192316
37.692270618
37.692617848
37.692753247
37.693841235
37.695251450
37.695318617
37.695561406
37.695592385
37.695848979
37.695878586
37.701703707
37.705503461
37.705503839
37.705700682
37.707205024
37.710252063
37.710252250
37.710389893
37.736556057
37.755503426
37.755747382
37.759253336
37.765935704
37.765935865
37.765935891
37.765935921
37.765935950
37.766043650
37.766090857
37.766116902
37.766154520
37.766154610
37.766154639
37.766154668
37.766154697
37.766518651
37.766518737
37.766518766
37.766518795
37.766518823
37.766629871
37.768306960
37.768307154
37.768307183
37.768520021
37.769867139
37.769867349
37.769867377
37.769867409
37.769867440
37.769867468
37.769867495
37.769998988
37.771879872
37.771879928
37.771879959
37.771879989
37.772039473
37.773373063
37.773373260
37.776285073
37.776285155
37.776285184
37.776335787
37.777948971
37.779172524
37.782395998
37.782396186
37.782396217
37.782396251
37.782442418
37.782442461
37.782442504
37.784922125
37.784922431
37.785036213
37.788482866
37.791961219
37.791961358
37.794317016
37.794317095
37.794317122
37.794317151
37.794432027
37.796581871
37.796581923
37.796581952
37.796581979
37.796582006
37.796582033
37.797028356
37.813134555
37.813134614
37.814810913
37.815458699
37.822180443
37.823046676
37.827132253
37.827132440
37.830447346
37.830670437
37.831393332
37.844113577
37.844803565
37.853052364
37.855715962
37.857169077
37.857169216
37.857336851
37.857977029
37.858655479
37.858655598
37.858736458
37.858831053
37.858929553
37.859157797
37.870968430
37.870968653
37.870968680
37.871116865
37.879292396
37.880856579
37.881014749
37.882930535
37.883264720
37.884350537
37.884473630
37.885679085
37.890111188
37.890111336
37.890312766
37.890519938
37.893773795
37.893773858
37.901545350
37.905304543
37.913060260
37.922667935
37.923317995
37.946704386
37.948467391
37.949104770
37.949205405
37.949411869
37.963356958
37.963357167
37.963357202
37.963601525
37.988955729
38.029434192
38.029434310
38.029606225
38.045285080
38.055489692
38.057843371
38.061116043
38.067767556
38.069481557
38.069481643
38.069648250
38.072120482
38.083051328
38.737205840
38.747581735
38.748317550
38.772052164
38.773634541
38.774368834
38.774474683
38.774719399
38.788454294
38.788454445
38.788454498
38.788673986
38.810450468
38.810876021
38.814110737
38.818222918
38.822774946
38.822775273
38.826076390
38.826305414
38.826305481
38.826489704
38.826489767
38.826489805
38.826525154
38.826583713
38.826625595
38.828593429
38.828593479
38.828593527
38.828593559
38.828593601
38.828593639
38.828593675
38.828593715
38.828704210
38.828747301
38.828781322
38.834704985
38.839297484
38.839297553
38.839519305
38.843460864
38.843993234
38.848119002
38.849864321
38.849864464
38.850061675
38.854579787
38.862894220
38.865179776
38.866385655
38.869058120
38.870582748
38.871210216
38.871316919
38.871566064
38.875745128
38.876933921
38.878340245
38.878362021
38.878574896
38.885463132
38.885463229
38.885463254
38.885506675
38.885506704
38.885506731
38.885506765
38.885506798
38.885506825
38.885642557
38.885790687
38.885819782
38.885840803
38.890741349
38.893578116
38.907212675
38.907229355
38.911525769
38.911666129
38.913551410
38.913740392
38.918691213
38.919301526
38.919657739
38.922080232
38.922181418
38.926799519
38.926799738
38.930067122
38.930067309
38.933355070
38.955935594
38.956454685
38.956454737
38.956607975
38.982635041
38.994194476
39.003444113
39.003625011
39.004720670
39.007407001
39.019714902
39.168323215
39.170691928
39.173774662
39.181940067
39.181940129
39.181940160
39.184785748
39.184931072
39.240033394
39.242871457
39.242871870
39.242997278
39.244320604
39.244320693
39.244429082
39.247159128
39.247159185
39.247159225
39.247159256
39.247159287
39.247318629
39.249297375
39.249297409
39.250758759
39.253005654
39.255735362
39.259506445
39.262912352
39.262912385
39.263075451
39.288309976
39.301335660
39.505824493
39.532469916
39.657704621
39.657888186
39.671311645
39.671311825
39.671311859
39.675127178
39.689013404
39.702152859
39.705449725
39.714832742
39.726433170
39.729792971
39.772757489
39.772757555
39.772953431
39.776367882
39.776612320
39.776612478
39.779397047
39.787470803
39.800854242
39.800854423
39.800854476
39.800854520
39.800854558
39.800854595
39.800854636
39.801068244
39.804534463
39.816656394
39.832795461
39.832795519
39.833219169
39.835544014
39.835544113
39.835544146
39.835544174
39.835711144
39.839132557
39.839312533
39.839312623
39.842158179
39.848656219
39.936316621
40.335646618
40.348263338
40.349849400
40.353055365
40.359107289
40.362419575
40.425150287
40.425150423
40.425340630
40.428737397
40.430276027
40.430276163
40.432973181
40.440039047
40.573208123
40.583619701
40.583619832
40.583817753
40.586517653
40.587172467
40.590440821
40.595335985
40.595336285
40.598299351
40.657691422
40.657691614
40.657918292
40.661194591
40.672007272
40.872290015
40.888219648
40.941553272
40.941631840
40.944384795
40.953623190
40.955243625
40.956429455
41.023649907
41.023650015
41.023867201
41.024993685
41.026705475
41.037655643
41.572268970
41.586476538
41.589767818
41.664006652
41.664006714
41.664202501
41.667345916
41.679140164
41.700514912
41.713531072
41.717098878
41.784346276
41.784346400
41.784532330
41.787230191
41.787230233
41.787312798
41.789901246
41.798543202
41.998985109
42.017001521
42.152208624
42.160486477
42.162619476
42.163153811
42.168348622
42.168878290
42.182944113
42.184379737
42.185488752
42.187208915
42.197480933
42.198478283
42.198478443
42.198478473
42.198478502
42.198478530
42.198478557
42.198478584
42.198651082
42.198698134
42.198727746
42.200110178
42.211203336
42.211236146
42.211486238
42.217813037
42.219028791
42.225786290
42.227179542
42.230215937
42.230216085
42.230243749
42.230421730
42.232640241
42.236481483
42.236501485
42.239815535
42.244299591
42.244299746
42.253848594
42.253864889
42.254048748
42.254054033
42.255959586
42.255974450
42.256261309
42.263060739
42.263228296
42.263393154
42.263687876
42.267213108
42.267907381
42.268054829
42.268477868
42.268745853
42.271032965
42.274161920
42.274162334
42.274162385
42.274192373
42.274306242
42.274353211
42.275548114
42.275707008
42.279064640
42.279064949
42.279064976
42.279065004
42.279094119
42.279278505
42.279337097
42.279437945
42.290584915
42.290585102
42.290746756
42.291842790
42.295196468
42.295196635
42.295426758
42.296718157
42.296870471
42.296870597
42.297043103
42.300291433
42.301042328
42.301042462
42.303800097
42.309469836
42.310820432
42.312467313
42.316052220
42.316586779
42.316818884
42.316829925
42.316850987
42.317737326
42.317737385
42.317737412
42.317866153
42.318997546
42.319663568
42.320851074
42.320899663
42.321953101
42.321953238
42.321953265
42.322053424
42.322802496
42.323052846
42.323065103
42.327465228
42.327465390
42.327465417
42.327465446
42.327652815
42.330205760
42.331636303
42.333138926
42.333138985
42.333139013
42.333139042
42.333311028
42.349895277
42.349895551
42.350120627
42.357783621
42.358924967
42.369148366
42.372408722
42.375551445
42.388202373
42.399224058
42.399264440
42.409149718
42.412237509
42.414037064
42.415315069
42.416724547
42.417351029
42.425431814
42.432363454
42.432363634
42.432363683
42.432578031
42.432629255
42.437328747
42.440624801
42.442305367
42.443790513
42.443971037
42.444649625
42.444680139
42.455703879
42.455704046
42.455704081
42.455704110
42.455916351
42.459751038
42.459792613
42.462598836
42.462761860
42.464537710
42.467348122
42.467624840
42.467766433
42.467899556
42.467936538
42.468953851
42.468954006
42.471052735
42.471203727
42.473818905
42.479033236
42.481105780
42.486119790
42.486259547
42.488533927
42.489317649
42.489367069
42.491935549
42.493553614
42.493553738
42.493724219
42.494945905
42.495129359
42.495954386
42.496529327
42.497680734
42.498415189
42.499256120
42.499256210
42.499397684
42.500833350
42.503696848
42.503696913
42.503819213
42.506057006
42.507282773
42.509293888
42.509294049
42.512214994
42.517570376
42.519823860
42.523063296
42.523535642
42.523535791
42.524035754
42.524486227
42.524538917
42.526123159
42.527337692
42.527502635
42.527897640
42.529464704
42.531691042
42.535431632
42.535431798
42.535431836
42.535431879
42.535431919
42.535431954
42.535459607
42.535661354
42.535793665
42.535928927
42.536782675
42.541309711
42.541309902
42.541309945
42.541481593
42.549618083
42.551804467
42.551804528
42.552017962
42.553331539
42.560763661
42.560787529
42.561105979
42.563018962
42.567267702
42.574375243
42.574375443
42.574395925
42.576089072
42.576089237
42.576395760
42.577109104
42.578055823
42.578743804
42.579029556
42.579045193
42.589465566
42.589465610
42.589649565
42.592521895
42.592522005
42.592522044
42.601962351
42.613013101
42.618329356
42.663266610
42.663266782
42.663484422
42.689228844
42.701695065
42.718090524
42.732828823
42.733911141
42.760004965
42.802895138
42.815228728
42.815273610
42.816878672
42.818052054
42.829331341
42.829331525
42.829331554
42.829518520
42.838870129
42.839019059
42.856152895
42.856153012
42.856153040
42.867586758
42.870150291
42.871230042
42.871230123
42.871399721
42.874003315
42.879081753
42.879081941
42.882123940
42.883941388
42.905873157
42.908220298
42.908220570
42.908220692
42.908758150
42.909049482
42.936102621
42.936102758
42.936304583
42.938924082
42.939030530
42.940315651
42.948718281
42.948718476
42.952623555
42.952623684
42.952834393
42.953944990
42.953945157
42.954029728
42.991428338
43.027205640
43.027206232
43.027635032
43.052937351
43.063510586
43.149398707
43.164626639
43.365125282
43.381306336
43.459630627
43.459686784
43.582650188
43.599400425
43.800219079
43.816371202
44.007109087
44.008496300
44.008603066
44.008681756
44.008757580
44.008819856
44.008876455
44.011942896
44.017390693
44.018783034
44.019137919
44.021518423
44.031196851
44.031197153
44.031241423
44.031524210
44.039493960
44.039494285
44.039524787
44.043118899
44.043119077
44.043119147
44.043119219
44.043119290
44.043119360
44.043119436
44.043119502
44.043200852
44.043235066
44.043244449
44.043272750
44.043272853
44.043281063
44.043297609
44.046042065
44.056541543
44.056595441
44.065907217
44.066264817
44.067426314
44.068785368
44.068840977
44.081745211
44.081745640
44.081788856
44.081822594
44.085065081
44.090790919
44.090809632
44.093297590
44.093758832
44.101022042
44.104530467
44.104530873
44.128661339
44.137986417
44.137987135
44.137987246
44.138022110
44.138227758
44.139539028
44.155700511
44.232444383
44.248508137
44.543527017
44.569494983
44.570193523
44.576036672
44.576072780
44.576086214
44.576097452
44.579062263
44.579094750
44.579107734
44.579119185
44.579129880
44.584201328
44.584201476
44.586826803
44.587617634
44.587617819
44.587915173
44.590254197
44.592054003
44.593324606
44.611121015
44.611121130
44.611308235
44.613779807
44.613779876
44.613923766
44.624756355
44.639105286
44.641373357
44.641840538
44.642316597
44.651023108
44.651154906
44.652356039
44.652356236
44.652356272
44.652356305
44.652598035
44.655390789
44.655976389
44.655976583
44.658561127
44.659312861
44.663948857
44.663949089
44.663949130
44.664142922
44.667181320
44.667412629
44.669985959
44.669986199
44.670151120
44.675076255
44.675700893
44.687207499
44.689808941
44.695967139
44.701224505
44.705796202
44.711105592
44.711105770
44.711375373
44.713800280
44.724635505
44.724641011
44.730967006
44.730967393
44.731280324
44.732258802
44.733841941
44.733967298
44.737289956
44.741271731
44.744162819
44.750577136
44.767316662
44.767317251
44.767317363
44.767317479
44.767529731
44.767529911
44.767530058
44.767530196
44.767530323
44.767530428
44.767530532
44.767530632
44.767570779
44.767882331
44.768055052
44.768148959
44.768235617
44.768324233
44.768456180
44.770708661
44.770709024
44.771263619
44.775124038
44.784160099
44.787927198
44.787927512
44.787927615
44.787927724
44.788271000
44.791597673
44.803679417
44.803679945
44.987406567
45.001043882
45.004857617
45.018857070
45.027144327
45.033221325
45.033221563
45.033602177
45.049358218
45.059776639
45.062152452
45.065528489
45.070752805
45.103364504
45.103399167
45.116631886
45.141771008
45.141945714
45.143915505
45.143915700
45.144170295
45.170387498
45.175752079
45.175752677
45.175752782
45.175752885
45.176282321
45.179513386
45.180113311
45.189379116
45.390914038
45.407336191
45.608046042
45.624292247
45.825944490
45.842391379
45.934597850
46.043987969
46.061042918
46.262571640
46.278070498
46.479364843
46.495138130
46.896184063
46.912601725
47.468509518
47.468635568
47.470240696
47.470345203
47.483876773
47.483877269
47.485604860
47.487140085
47.509045746
47.509436423
47.515899809
47.515900131
47.516342974
47.542011525
47.553609699
47.553610342
47.554044305
47.581227052
47.581743732
47.585960181
47.589698647
47.596647359
47.608926988
47.608974769
47.608989731
47.609001829
47.609014255
47.609025470
47.609036599
47.609047821
47.609058836
47.609070934
47.609082471
47.609094367
47.609106500
47.609118477
47.609129954
47.609141565
47.610418692
47.610446161
47.610460316
47.610473378
47.610485809
47.610498246
47.610510760
47.610523828
47.612665520
47.612688308
47.612699800
47.612709983
47.612720237
47.612729925
47.612739448
47.612749401
47.612758573
47.612768157
47.612777842
47.622709654
47.622709848
47.622709878
47.622841538
47.622866530
47.622875057
47.622882673
47.622911254
47.622920963
47.622927801
47.622934524
47.624305743
47.624358188
47.624373382
47.624380792
47.624387812
47.624394960
47.624401894
47.624408768
47.624415196
47.624422075
47.624429212
47.624435758
47.624442009
47.624448591
47.624455287
47.626553405
47.626572475
47.626586441
47.626597681
47.626608724
47.626621211
47.626629321
47.626635961
47.626642579
47.626648876
47.626655917
47.626662847
47.626669958
47.626676789
47.626683860
47.626690683
47.626697123
47.626703774
47.626710305
47.626716886
47.626723226
47.627419268
47.631129362
47.631155791
47.631163775
47.631170332
47.631189399
47.631196936
47.631203314
47.631209523
47.631215687
47.631221918
47.631227991
47.631235186
47.631242164
47.631248749
47.631254883
47.631261142
47.632440332
47.632451075
47.632457729
47.632464944
47.632471623
47.632478828
47.632485268
47.632492099
47.634567146
47.634578028
47.634585085
47.634591670
47.634598420
47.634604970
47.634611482
47.634618144
47.634625125
47.634632372
47.636614526
47.636614642
47.636727249
47.639549367
47.639549515
47.642412522
47.642412702
47.642590466
47.642621501
47.642631542
47.642673537
47.642685262
47.642693322
47.642700497
47.642707344
47.642714679
47.643958782
47.644046850
47.644068413
47.644077083
47.644085104
47.644093168
47.644100737
47.644107655
47.644115006
47.644122364
47.644129916
47.646139405
47.646292046
47.646316919
47.646325736
47.646332799
47.646340077
47.646347289
47.646354272
47.646361410
47.646368672
47.646375451
47.646383082
47.646390643
47.646398029
47.646405692
47.646413617
47.646420815
47.646427924
47.646435486
47.646442411
47.646449855
47.646457172
47.646464505
47.646471741
47.646479676
47.648632656
47.648649937
47.648658467
47.648666491
47.648673814
47.648681841
47.648689581
47.648697368
47.648704702
47.648712270
47.648719509
47.648726879
47.648734727
47.650202287
47.650317108
47.650351006
47.650365142
47.650372622
47.650388423
47.650396176
47.650403266
47.650410890
47.650418170
47.650443227
47.653729741
47.655077840
47.656711316
47.656711502
47.656915184
47.659520465
47.659708976
47.659742176
47.659752405
47.659761160
47.659770009
47.659778253
47.659786919
47.659798750
47.659820086
47.659837983
47.659850076
47.659862096
47.659875126
47.659888244
47.662096793
47.662096967
47.664900132
47.671888160
47.671888357
47.674992444
47.675235330
47.682740119
47.713637300
47.713637852
47.714263933
47.730589929
47.739722702
47.822459334
47.823030513
47.827034366
47.829901146
47.838378390
48.039263442
48.055473793
48.256667592
48.273930155
48.475466239
48.491531343
48.693021457
48.708809110
48.723808864
48.736996812
48.762966951
48.767024121
48.767024602
48.767024717
48.767596190
48.767813764
48.768570691
48.795056517
48.804347440
48.893742699
48.910304060
48.925553917
48.935435271
49.126776564
49.144048021
49.160933522
49.186803903
49.545142930
49.561197821
50.073113092
50.362745913
50.381582636
50.615560675
50.615619986
50.615633486
50.628790196
50.628790645
50.647575379
50.659494918
50.675665318
